dung/00202_211.jpg 1 811 594 41 48 
dung/00202_212.jpg 1 800 605 47 49 
dung/00202_213.jpg 1 793 608 45 45 
dung/00202_214.jpg 1 787 608 48 46 
dung/00202_215.jpg 1 781 610 50 51 
dung/00202_216.jpg 1 773 615 50 46 
dung/00202_217.jpg 1 761 610 53 51 
dung/00202_218.jpg 1 763 611 53 52 
dung/00202_219.jpg 1 752 606 55 59 
dung/00202_220.jpg 1 738 613 62 58 
dung/00202_221.jpg 1 730 613 63 62 
dung/00202_222.jpg 1 716 605 69 65 
dung/00202_223.jpg 1 706 587 69 66 
dung/00202_224.jpg 1 689 582 68 72 
dung/00202_225.jpg 1 663 592 77 78 
dung/00202_226.jpg 1 637 587 83 79 
dung/00202_227.jpg 1 615 577 84 82 
dung/00202_228.jpg 1 589 562 95 96 
dung/00202_229.jpg 1 560 551 94 105 
dung/00202_230.jpg 1 529 551 98 102 
dung/00202_231.jpg 1 515 534 117 119 
dung/00202_232.jpg 1 479 532 124 133 
dung/00202_233.jpg 1 433 531 135 149 
dung/00202_234.jpg 1 350 529 155 165 
dung/00202_235.jpg 1 264 495 176 190 
dung/00202_236.jpg 1 146 476 191 223 
dung/MVI_1054_100.jpg 1 327 40 16 23 
dung/MVI_1054_101.jpg 1 325 38 17 21 
dung/MVI_1054_102.jpg 1 321 38 15 21 
dung/MVI_1054_103.jpg 1 310 39 18 22 
dung/MVI_1054_104.jpg 1 303 37 17 26 
dung/MVI_1054_105.jpg 1 305 40 17 25 
dung/MVI_1054_106.jpg 1 305 36 18 22 
dung/MVI_1054_107.jpg 1 294 31 21 24 
dung/MVI_1054_108.jpg 1 281 35 22 21 
dung/MVI_1054_109.jpg 1 275 40 20 26 
dung/MVI_1054_110.jpg 1 266 49 21 25 
dung/MVI_1054_111.jpg 1 267 51 18 26 
dung/MVI_1054_112.jpg 1 262 54 20 26 
dung/MVI_1054_113.jpg 1 253 54 20 27 
dung/MVI_1054_114.jpg 1 245 50 21 29 
dung/MVI_1054_115.jpg 1 233 53 27 32 
dung/MVI_1054_116.jpg 1 222 59 22 30 
dung/MVI_1054_117.jpg 1 197 64 24 35 
dung/MVI_1054_118.jpg 1 177 70 25 35 
dung/MVI_1054_119.jpg 1 170 67 23 32 
dung/MVI_1054_120.jpg 1 159 66 29 40 
dung/MVI_1054_121.jpg 1 159 64 26 35 
dung/MVI_1054_122.jpg 1 146 70 31 36 
dung/MVI_1054_123.jpg 1 134 75 36 41 
dung/MVI_1054_124.jpg 1 127 79 32 38 
dung/MVI_1054_125.jpg 1 121 77 35 42 
dung/MVI_1054_126.jpg 1 116 75 37 45 
dung/MVI_1054_127.jpg 1 108 82 37 47 
dung/MVI_1054_128.jpg 1 98 87 40 50 
dung/MVI_1054_129.jpg 1 93 87 38 55 
dung/MVI_1054_130.jpg 1 81 81 45 54 
dung/MVI_1054_131.jpg 1 66 88 47 58 
dung/MVI_1054_132.jpg 1 53 99 46 60 
dung/MVI_1054_133.jpg 1 41 101 50 65 
dung/MVI_1054_134.jpg 1 30 112 51 68 
dung/MVI_1054_135.jpg 1 6 113 60 76 
dung/MVI_1054_74.jpg 1 20 27 10 16 
dung/MVI_1054_75.jpg 1 41 33 11 13 
dung/MVI_1054_76.jpg 1 69 38 12 16 
dung/MVI_1054_77.jpg 1 95 42 12 14 
dung/MVI_1054_78.jpg 1 120 42 11 17 
dung/MVI_1054_79.jpg 1 141 52 12 14 
dung/MVI_1054_95.jpg 1 328 47 11 19 
dung/MVI_1054_96.jpg 1 337 46 12 18 
dung/MVI_1054_97.jpg 1 340 46 13 17 
dung/MVI_1054_98.jpg 1 336 41 17 20 
dung/MVI_1054_99.jpg 1 331 41 15 19 
dung/MVI_1062_115.jpg 1 401 72 16 19 
dung/MVI_1062_116.jpg 1 409 62 17 20 
dung/MVI_1062_117.jpg 1 409 56 17 23 
dung/MVI_1062_118.jpg 1 412 62 17 23 
dung/MVI_1062_119.jpg 1 416 70 21 25 
dung/MVI_1062_120.jpg 1 416 70 21 25 
dung/MVI_1062_121.jpg 1 414 71 21 27 
dung/MVI_1062_122.jpg 1 415 77 23 30 
dung/MVI_1062_123.jpg 1 426 85 24 32 
dung/MVI_1062_124.jpg 1 428 89 28 35 
dung/MVI_1062_125.jpg 1 430 88 31 39 
dung/MVI_1062_126.jpg 1 437 96 33 39 
dung/MVI_1062_127.jpg 1 453 105 34 44 
dung/MVI_1062_128.jpg 1 470 101 39 48 
dung/MVI_1062_129.jpg 1 492 96 43 53 
dung/MVI_1062_130.jpg 1 518 98 50 61 
dung/MVI_1062_131.jpg 1 547 98 57 73 
dung/MVI_1062_132.jpg 1 573 97 65 83 
dung/MVI_1062_133.jpg 1 610 111 28 96 
